2 0.1796875 0.3839285714285714 0.08705357142857142 0.08928571428571427
2 0.12723214285714285 0.5613839285714285 0.10267857142857142 0.10044642857142856
2 0.06026785714285714 0.6216517857142857 0.11607142857142856 0.12723214285714285
1 0.49441964285714285 0.3136160714285714 0.08258928571428571 0.06919642857142856
0 0.6573660714285714 0.16741071428571427 0.04241071428571428 0.04464285714285714
4 0.6495535714285714 0.19642857142857142 0.5357142857142857 0.08482142857142856
3 0.9676339285714285 0.3883928571428571 0.06026785714285714 0.0625
1 0.9821428571428571 0.4274553571428571 0.03125 0.078125
0 0.875 0.6707589285714285 0.14732142857142858 0.15401785714285712
1 0.5089285714285714 0.3649553571428571 0.07589285714285714 0.08258928571428571
