5 0.10602678571428571 0.26785714285714285 0.2075892857142857 0.08482142857142856
0 0.5993303571428571 0.28794642857142855 0.055803571428571425 0.049107142857142856
3 0.6261160714285714 0.2265625 0.03794642857142857 0.033482142857142856
0 0.6651785714285714 0.27232142857142855 0.049107142857142856 0.04464285714285714
0 0.7220982142857142 0.20982142857142855 0.033482142857142856 0.026785714285714284
1 0.7098214285714285 0.2265625 0.040178571428571425 0.03794642857142857
1 0.7354910714285714 0.26339285714285715 0.04241071428571428 0.04464285714285714
2 0.7477678571428571 0.23660714285714285 0.03571428571428571 0.04464285714285714
2 0.7901785714285714 0.25223214285714285 0.040178571428571425 0.04464285714285714
1 0.9229910714285714 0.35491071428571425 0.06473214285714285 0.06696428571428571
