3 0.25334821428571425 0.3125 0.078125 0.08482142857142856
1 0.17410714285714285 0.29910714285714285 0.07142857142857142 0.07589285714285714
6 0.1529017857142857 0.13504464285714285 0.3058035714285714 0.046875
2 0.33035714285714285 0.18303571428571427 0.049107142857142856 0.05357142857142857
2 0.3716517857142857 0.18303571428571427 0.033482142857142856 0.05357142857142857
0 0.42410714285714285 0.17522321428571427 0.05357142857142857 0.055803571428571425
2 0.6651785714285714 0.20647321428571427 0.05803571428571428 0.05133928571428571
1 0.7265625 0.2622767857142857 0.07366071428571429 0.078125
1 0.5725446428571428 0.23660714285714285 0.06919642857142856 0.07589285714285714
0 0.08482142857142856 0.22991071428571427 0.0625 0.05357142857142857
