3 0.3805803571428571 0.27566964285714285 0.07366071428571429 0.078125
1 0.6116071428571428 0.21875 0.05803571428571428 0.05803571428571428
1 0.9073660714285714 0.12388392857142856 0.18080357142857142 0.06473214285714285
6 0.109375 0.14174107142857142 0.21875 0.06473214285714285
0 0.13169642857142858 0.21651785714285712 0.07589285714285714 0.049107142857142856
2 0.32589285714285715 0.16517857142857142 0.05803571428571428 0.05803571428571428
2 0.37723214285714285 0.1763392857142857 0.04464285714285714 0.05357142857142857
0 0.41629464285714285 0.15959821428571427 0.06026785714285714 0.055803571428571425
1 0.2890625 0.2667410714285714 0.08705357142857142 0.06919642857142856
2 0.6618303571428571 0.18638392857142855 0.06919642857142856 0.055803571428571425
1 0.7578125 0.22767857142857142 0.06473214285714285 0.06696428571428571
