3 0.9162946428571428 0.53125 0.09598214285714285 0.10714285714285714
0 0.41294642857142855 0.6339285714285714 0.1294642857142857 0.13392857142857142
1 0.8895089285714285 0.2901785714285714 0.046875 0.05357142857142857
4 0.13950892857142858 0.3917410714285714 0.27901785714285715 0.18973214285714285
2 0.6595982142857143 0.40959821428571425 0.07366071428571429 0.078125
2 0.7064732142857143 0.4386160714285714 0.09151785714285714 0.06026785714285714
1 0.7154017857142857 0.5044642857142857 0.08258928571428571 0.10714285714285714
2 0.6953125 0.27566964285714285 0.055803571428571425 0.055803571428571425
1 0.84375 0.40513392857142855 0.07142857142857142 0.07366071428571429
0 0.9799107142857142 0.3839285714285714 0.03571428571428571 0.06696428571428571
5 0.7120535714285714 0.18861607142857142 0.4776785714285714 0.046875
