4 0.09821428571428571 0.1841517857142857 0.19642857142857142 0.046875
7 0.8984375 0.20089285714285712 0.19866071428571427 0.07589285714285714
1 0.23325892857142855 0.22767857142857142 0.046875 0.049107142857142856
2 0.1685267857142857 0.2779017857142857 0.06473214285714285 0.055803571428571425
1 0.31919642857142855 0.23660714285714285 0.07142857142857142 0.049107142857142856
3 0.5502232142857143 0.20870535714285712 0.046875 0.046875
1 0.6026785714285714 0.21763392857142855 0.049107142857142856 0.046875
0 0.765625 0.2745535714285714 0.0625 0.06696428571428571
0 0.3560267857142857 0.32254464285714285 0.08705357142857142 0.08258928571428571
2 0.4854910714285714 0.3203125 0.06919642857142856 0.07366071428571429
2 0.43191964285714285 0.29910714285714285 0.06473214285714285 0.07142857142857142
