3 0.7042410714285714 0.22544642857142855 0.046875 0.04464285714285714
7 0.9263392857142857 0.19419642857142855 0.14285714285714285 0.05803571428571428
4 0.11049107142857142 0.20424107142857142 0.21651785714285712 0.055803571428571425
1 0.7712053571428571 0.2310267857142857 0.05133928571428571 0.046875
0 0.9799107142857142 0.29129464285714285 0.03571428571428571 0.055803571428571425
0 0.7053571428571428 0.33482142857142855 0.08035714285714285 0.07142857142857142
1 0.4040178571428571 0.23325892857142855 0.049107142857142856 0.033482142857142856
2 0.40513392857142855 0.2857142857142857 0.08705357142857142 0.0625
0 0.5145089285714285 0.25 0.06919642857142856 0.05803571428571428
2 0.7566964285714285 0.31919642857142855 0.05357142857142857 0.0625
2 0.8258928571428571 0.33816964285714285 0.07142857142857142 0.07366071428571429
