6 0.18973214285714285 0.125 0.37053571428571425 0.10267857142857142
3 0.6127232142857143 0.25223214285714285 0.06919642857142856 0.06696428571428571
1 0.8102678571428571 0.21205357142857142 0.05803571428571428 0.05357142857142857
1 0.5234375 0.24107142857142855 0.06473214285714285 0.06696428571428571
0 0.33816964285714285 0.1875 0.055803571428571425 0.0625
2 0.5290178571428571 0.15178571428571427 0.05357142857142857 0.05803571428571428
2 0.5725446428571428 0.16183035714285712 0.04241071428571428 0.05133928571428571
0 0.6116071428571428 0.15178571428571427 0.049107142857142856 0.04464285714285714
2 0.8415178571428571 0.1841517857142857 0.040178571428571425 0.05133928571428571
1 0.9397321428571428 0.2265625 0.05357142857142857 0.07366071428571429
