3 0.38950892857142855 0.27232142857142855 0.07366071428571429 0.07142857142857142
1 0.33147321428571425 0.25334821428571425 0.07366071428571429 0.07366071428571429
6 0.33928571428571425 0.09040178571428571 0.49553571428571425 0.04241071428571428
0 0.29575892857142855 0.1763392857142857 0.07366071428571429 0.049107142857142856
2 0.5535714285714285 0.15513392857142858 0.040178571428571425 0.055803571428571425
2 0.59375 0.16183035714285712 0.040178571428571425 0.05133928571428571
0 0.6450892857142857 0.1529017857142857 0.049107142857142856 0.06026785714285714
1 0.7488839285714285 0.22209821428571427 0.078125 0.06919642857142856
2 0.8549107142857142 0.19754464285714285 0.0625 0.06473214285714285
1 0.8738839285714285 0.2589285714285714 0.06473214285714285 0.07142857142857142
