3 0.9140625 0.26339285714285715 0.06473214285714285 0.07589285714285714
7 0.4665178571428571 0.5256696428571428 0.9375 0.6450892857142857
0 0.36941964285714285 0.08482142857142856 0.046875 0.03571428571428571
2 0.7879464285714285 0.09598214285714285 0.04464285714285714 0.040178571428571425
6 0.9709821428571428 0.11941964285714285 0.05357142857142857 0.033482142857142856
0 0.15848214285714285 0.26116071428571425 0.07589285714285714 0.07589285714285714
1 0.2622767857142857 0.26004464285714285 0.08705357142857142 0.078125
1 0.1875 0.3917410714285714 0.10267857142857142 0.10044642857142856
1 0.5848214285714285 0.33816964285714285 0.10267857142857142 0.10491071428571427
2 0.6004464285714285 0.5948660714285714 0.1607142857142857 0.171875
