0 0.16294642857142858 0.17410714285714285 0.03125 0.02232142857142857
4 0.18973214285714285 0.19084821428571427 0.3839285714285714 0.06473214285714285
1 0.5803571428571428 0.2310267857142857 0.0625 0.05133928571428571
2 0.5747767857142857 0.27232142857142855 0.06473214285714285 0.05357142857142857
1 0.6752232142857143 0.23772321428571427 0.06473214285714285 0.05133928571428571
3 0.8549107142857142 0.22991071428571427 0.05357142857142857 0.05357142857142857
1 0.9084821428571428 0.23772321428571427 0.05357142857142857 0.05133928571428571
0 0.84375 0.32589285714285715 0.05803571428571428 0.08035714285714285
2 0.890625 0.31473214285714285 0.049107142857142856 0.06696428571428571
2 0.9497767857142857 0.3247767857142857 0.06473214285714285 0.06473214285714285
