3 0.5323660714285714 0.2857142857142857 0.078125 0.08482142857142856
6 0.18080357142857142 0.13504464285714285 0.36160714285714285 0.11383928571428571
1 0.7734375 0.23325892857142855 0.06026785714285714 0.055803571428571425
1 0.4386160714285714 0.27120535714285715 0.07366071428571429 0.07366071428571429
0 0.2700892857142857 0.2075892857142857 0.07142857142857142 0.0625
2 0.4888392857142857 0.16964285714285712 0.05803571428571428 0.04464285714285714
2 0.5357142857142857 0.17299107142857142 0.040178571428571425 0.046875
0 0.578125 0.16629464285714285 0.049107142857142856 0.05133928571428571
2 0.8191964285714285 0.203125 0.05357142857142857 0.06696428571428571
1 0.9129464285714285 0.25334821428571425 0.06696428571428571 0.078125
