0 0.3046875 0.1529017857142857 0.046875 0.02901785714285714
4 0.30357142857142855 0.17522321428571427 0.4821428571428571 0.055803571428571425
1 0.5870535714285714 0.2310267857142857 0.049107142857142856 0.046875
2 0.5167410714285714 0.27232142857142855 0.055803571428571425 0.0625
1 0.6752232142857143 0.25 0.06026785714285714 0.049107142857142856
3 0.9073660714285714 0.24776785714285712 0.05133928571428571 0.05357142857142857
0 0.9631696428571428 0.2589285714285714 0.04241071428571428 0.05357142857142857
0 0.7209821428571428 0.3482142857142857 0.07589285714285714 0.08035714285714285
2 0.796875 0.33928571428571425 0.05357142857142857 0.08035714285714285
2 0.8526785714285714 0.359375 0.07142857142857142 0.08035714285714285
