1 0.7299107142857142 0.26450892857142855 0.05357142857142857 0.055803571428571425
0 0.9107142857142857 0.34598214285714285 0.0625 0.07142857142857142
3 0.671875 0.25223214285714285 0.05357142857142857 0.05357142857142857
0 0.06026785714285714 0.18973214285714285 0.04464285714285714 0.026785714285714284
4 0.13504464285714285 0.20647321428571427 0.2700892857142857 0.06919642857142856
1 0.30691964285714285 0.265625 0.046875 0.05357142857142857
2 0.21763392857142855 0.32366071428571425 0.07366071428571429 0.05803571428571428
1 0.39397321428571425 0.27566964285714285 0.06473214285714285 0.055803571428571425
0 0.4263392857142857 0.40178571428571425 0.08482142857142856 0.08928571428571427
2 0.5178571428571428 0.37834821428571425 0.07589285714285714 0.09598214285714285
2 0.5803571428571428 0.40178571428571425 0.07589285714285714 0.08928571428571427
