6 0.234375 0.11160714285714285 0.4464285714285714 0.06696428571428571
0 0.38169642857142855 0.1841517857142857 0.05803571428571428 0.046875
2 0.5892857142857143 0.14397321428571427 0.05803571428571428 0.06026785714285714
2 0.6305803571428571 0.16294642857142858 0.04241071428571428 0.05357142857142857
0 0.6707589285714285 0.14955357142857142 0.05133928571428571 0.04464285714285714
1 0.8549107142857142 0.21875 0.07142857142857142 0.0625
2 0.9017857142857142 0.19308035714285712 0.05357142857142857 0.055803571428571425
1 0.9787946428571428 0.23772321428571427 0.03794642857142857 0.06919642857142856
1 0.5558035714285714 0.23995535714285712 0.08482142857142856 0.07366071428571429
3 0.6484375 0.2578125 0.08258928571428571 0.07366071428571429
